0 0.62109375 0.5453125 0.13593750000000002 0.44375000000000003
0 0.340625 0.6203125 0.234375 0.7562500000000001
0 0.46875 0.540625 0.22812500000000002 0.503125
0 0.17421875 0.5281250000000001 0.1796875 0.5
1 0.40937500000000004 0.31562500000000004 0.06875 0.05
1 0.1625 0.31171875000000004 0.08125 0.06406250000000001
1 0.3125 0.2828125 0.10625000000000001 0.078125
1 0.63046875 0.34921875 0.06406250000000001 0.051562500000000004
5 0.465625 0.775 0.043750000000000004 0.034375
5 0.38125000000000003 0.76875 0.028125 0.028125
5 0.64375 0.75546875 0.034375 0.0234375
5 0.5906250000000001 0.753125 0.028125 0.025
