0 0.3296875 0.571875 0.19375 0.659375
0 0.51796875 0.553125 0.19843750000000002 0.628125
0 0.696875 0.5421875 0.1875 0.61875
1 0.68359375 0.259375 0.08281250000000001 0.053125000000000006
1 0.353125 0.27421875 0.078125 0.060937500000000006
1 0.5242187500000001 0.26875 0.0765625 0.05625
5 0.58046875 0.8453125 0.035937500000000004 0.040625
5 0.49062500000000003 0.828125 0.065625 0.034375
5 0.31484375000000003 0.878125 0.0671875 0.040625
5 0.640625 0.828125 0.07500000000000001 0.034375
5 0.7054687500000001 0.83359375 0.035937500000000004 0.035937500000000004
5 0.3609375 0.84375 0.06875 0.034375
