0 0.3453125 0.665625 0.06875 0.215625
0 0.08359375000000001 0.64375 0.0546875 0.15000000000000002
0 0.24375000000000002 0.64609375 0.053125000000000006 0.1265625
0 0.340625 0.9375 0.059375000000000004 0.125
0 0.64609375 0.40937500000000004 0.0578125 0.1625
1 0.3453125 0.571875 0.028125 0.025
1 0.08671875000000001 0.58125 0.0234375 0.021875000000000002
1 0.659375 0.33984375 0.021875000000000002 0.0171875
1 0.234375 0.5906250000000001 0.018750000000000003 0.018750000000000003
5 0.321875 0.759375 0.018750000000000003 0.025
5 0.353125 0.759375 0.018750000000000003 0.025
7 0.34296875000000004 0.6734375 0.0703125 0.15937500000000002
7 0.08359375000000001 0.6546875000000001 0.051562500000000004 0.12187500000000001
7 0.23984375000000002 0.65234375 0.045312500000000006 0.09843750000000001
6 0.65234375 0.3921875 0.0484375 0.07500000000000001
