0 0.5328125 0.6625000000000001 0.1375 0.4
0 0.74609375 0.6492187500000001 0.1796875 0.4421875
0 0.23046875 0.625 0.1390625 0.42500000000000004
0 0.3015625 0.6156250000000001 0.09062500000000001 0.415625
0 0.38984375000000004 0.659375 0.15156250000000002 0.465625
0 0.675 0.6585937500000001 0.1 0.4109375
1 0.54921875 0.4859375 0.0578125 0.043750000000000004
1 0.371875 0.45 0.0625 0.046875
1 0.7562500000000001 0.45546875000000003 0.07500000000000001 0.0546875
1 0.6937500000000001 0.47500000000000003 0.059375000000000004 0.043750000000000004
1 0.25546875 0.434375 0.060937500000000006 0.043750000000000004
1 0.29609375 0.42500000000000004 0.045312500000000006 0.034375
5 0.54296875 0.84921875 0.0484375 0.026562500000000003
5 0.3953125 0.87421875 0.037500000000000006 0.0390625
5 0.496875 0.8406250000000001 0.025 0.03125
5 0.6648437500000001 0.846875 0.026562500000000003 0.034375
5 0.30546875 0.80859375 0.0203125 0.0234375
