0 0.49296875 0.6218750000000001 0.4234375 0.39687500000000003
0 0.16562500000000002 0.47109375000000003 0.10312500000000001 0.19843750000000002
0 0.6109375 0.4890625 0.25 0.278125
1 0.48359375000000004 0.46875 0.1046875 0.09062500000000001
1 0.5281250000000001 0.403125 0.084375 0.096875
1 0.178125 0.384375 0.03125 0.021875000000000002
5 0.41875 0.753125 0.12812500000000002 0.13125
7 0.446875 0.6203125 0.33437500000000003 0.24375000000000002
7 0.171875 0.46484375 0.08125 0.1328125
7 0.6468750000000001 0.45625000000000004 0.20625000000000002 0.18125000000000002
