0 0.8250000000000001 0.528 0.14200000000000002 0.16533333333333333
0 0.41600000000000004 0.6953333333333334 0.168 0.292
0 0.46900000000000003 0.13266666666666665 0.138 0.17466666666666666
0 0.497 0.386 0.098 0.172
1 0.359 0.5686666666666667 0.046 0.036
1 0.8260000000000001 0.45999999999999996 0.04 0.024
1 0.5 0.058666666666666666 0.044 0.026666666666666665
1 0.47700000000000004 0.31 0.034 0.017333333333333333
5 0.812 0.604 0.032 0.016
5 0.363 0.8266666666666667 0.058 0.029333333333333333
5 0.88 0.5873333333333333 0.02 0.017333333333333333
5 0.438 0.16066666666666665 0.044 0.014666666666666666
5 0.456 0.21066666666666667 0.024 0.018666666666666665
5 0.498 0.182 0.02 0.030666666666666665
7 0.8300000000000001 0.5366666666666666 0.116 0.12133333333333333
7 0.468 0.13266666666666665 0.14 0.17466666666666666
7 0.41200000000000003 0.6866666666666666 0.152 0.20533333333333334
7 0.5 0.39 0.076 0.148
