0 0.659375 0.596875 0.140625 0.55
0 0.08359375000000001 0.6078125000000001 0.1453125 0.5593750000000001
0 0.8875000000000001 0.625 0.146875 0.7250000000000001
0 0.534375 0.59375 0.13125 0.55
0 0.234375 0.578125 0.115625 0.49062500000000003
0 0.35468750000000004 0.58984375 0.13125 0.5859375
5 0.8859375 0.9640625 0.0625 0.046875
5 0.8460937500000001 0.909375 0.0578125 0.034375
5 0.278125 0.7984375 0.025 0.034375
5 0.134375 0.8343750000000001 0.043750000000000004 0.025
5 0.3875 0.84921875 0.025 0.035937500000000004
5 0.22812500000000002 0.80625 0.037500000000000006 0.03125
5 0.5710937500000001 0.8523437500000001 0.0234375 0.029687500000000002
5 0.08125 0.8718750000000001 0.028125 0.028125
5 0.5085937500000001 0.821875 0.0390625 0.07187500000000001
5 0.67734375 0.84921875 0.0390625 0.0390625
5 0.340625 0.8625 0.025 0.037500000000000006
5 0.65 0.84921875 0.034375 0.0421875
