0 0.6633333333333333 0.6161616161616162 0.30000000000000004 0.5757575757575758
0 0.26833333333333337 0.6161616161616162 0.31 0.5656565656565657
0 0.4066666666666667 0.5883838383838385 0.12000000000000001 0.48989898989898994
1 0.6683333333333333 0.3863636363636364 0.09000000000000001 0.11616161616161617
1 0.3216666666666667 0.3888888888888889 0.11 0.12121212121212122
1 0.39 0.3964646464646465 0.05333333333333334 0.09595959595959597
2 0.42333333333333334 0.7272727272727273 0.04 0.08080808080808081
2 0.54 0.8282828282828284 0.06666666666666667 0.12121212121212122
2 0.7033333333333334 0.6666666666666667 0.060000000000000005 0.07070707070707072
5 0.14500000000000002 0.9494949494949496 0.10333333333333335 0.10101010101010102
