0 0.6652719665271966 0.30428134556574926 0.10041841004184099 0.37003058103975534
0 0.2813807531380753 0.2996941896024465 0.10669456066945605 0.3730886850152905
0 0.7803347280334727 0.8608562691131498 0.09205020920502091 0.27217125382262997
0 0.03347280334728033 0.8577981651376146 0.06694560669456066 0.28440366972477066
0 0.9717573221757322 0.882262996941896 0.05230125523012552 0.23547400611620795
0 0.3410041841004184 0.8394495412844036 0.07531380753138074 0.3211009174311927
0 0.8734309623430961 0.8333333333333334 0.10669456066945605 0.327217125382263
0 0.41841004184100417 0.8608562691131498 0.08786610878661087 0.27217125382262997
1 0.2855648535564853 0.13608562691131498 0.03556485355648535 0.039755351681957186
1 0.8849372384937237 0.6926605504587156 0.03765690376569037 0.039755351681957186
1 0.3420502092050209 0.7003058103975536 0.03556485355648535 0.03669724770642202
1 0.6464435146443515 0.13914373088685014 0.03347280334728033 0.03363914373088685
1 0.7761506276150627 0.8425076452599388 0.03347280334728033 0.045871559633027525
1 0.42259414225941416 0.8409785932721713 0.02928870292887029 0.04892966360856269
2 0.050209205020920494 0.9159021406727829 0.016736401673640166 0.027522935779816515
2 0.3420502092050209 0.8715596330275229 0.018828451882845185 0.03058103975535168
2 0.3713389121338912 0.8807339449541285 0.014644351464435145 0.03058103975535168
2 0.25941422594142255 0.1743119266055046 0.016736401673640166 0.03058103975535168
2 0.9560669456066945 0.9510703363914373 0.012552301255230124 0.024464831804281346
5 0.2426778242677824 0.40519877675840976 0.025104602510460247 0.027522935779816515
5 0.6935146443514644 0.4724770642201835 0.043933054393305436 0.027522935779816515
5 0.2730125523012552 0.4724770642201835 0.043933054393305436 0.021406727828746176
5 0.649581589958159 0.47706422018348627 0.0397489539748954 0.024464831804281346
7 0.2813807531380753 0.3211009174311927 0.10669456066945605 0.3241590214067278
7 0.6621338912133891 0.3256880733944954 0.09832635983263598 0.3211009174311927
7 0.4173640167364016 0.8807339449541285 0.08577405857740585 0.23853211009174313
