0 0.4675 0.64 0.495 0.7200000000000001
0 0.73625 0.6416666666666667 0.1475 0.7166666666666667
0 0.21125 0.63 0.1675 0.7333333333333334
0 0.39875 0.65 0.3175 0.6933333333333334
0 0.48375 0.4316666666666667 0.1975 0.3166666666666667
0 0.32875 0.675 0.1375 0.65
1 0.64125 0.36500000000000005 0.1475 0.17666666666666667
1 0.7375 0.325 0.09 0.08333333333333334
1 0.3575 0.395 0.08 0.09000000000000001
1 0.4625 0.36333333333333334 0.12 0.12000000000000001
1 0.23375 0.30000000000000004 0.0625 0.060000000000000005
