0 0.11900000000000001 0.6099397590361446 0.17400000000000002 0.641566265060241
0 0.562 0.5707831325301205 0.1 0.38253012048192775
0 0.898 0.608433734939759 0.048 0.16265060240963855
0 0.47500000000000003 0.5843373493975904 0.08600000000000001 0.3734939759036145
0 0.337 0.5798192771084337 0.098 0.5512048192771085
0 0.6 0.6626506024096386 0.092 0.16867469879518074
1 0.354 0.3373493975903615 0.056 0.06626506024096386
1 0.09 0.32228915662650603 0.076 0.07228915662650603
1 0.461 0.42168674698795183 0.042 0.042168674698795185
1 0.577 0.39759036144578314 0.038 0.03614457831325302
1 0.902 0.5391566265060241 0.016 0.01807228915662651
1 0.628 0.6024096385542169 0.032 0.042168674698795185
2 0.17500000000000002 0.5436746987951807 0.058 0.045180722891566265
2 0.498 0.5617469879518072 0.024 0.021084337349397592
5 0.167 0.8704819277108434 0.07 0.04819277108433735
5 0.107 0.9096385542168676 0.07 0.042168674698795185
5 0.356 0.8448795180722892 0.056 0.02710843373493976
5 0.532 0.7545180722891567 0.036000000000000004 0.015060240963855422
5 0.322 0.835843373493976 0.016 0.021084337349397592
5 0.499 0.7605421686746988 0.038 0.021084337349397592
7 0.5650000000000001 0.6009036144578314 0.094 0.32228915662650603
7 0.467 0.6144578313253012 0.07 0.3132530120481928
6 0.336 0.49096385542168675 0.096 0.21084337349397592
7 0.10200000000000001 0.6430722891566265 0.14400000000000002 0.5150602409638555
7 0.898 0.6204819277108434 0.048 0.13253012048192772
7 0.593 0.6701807228915663 0.07 0.13554216867469882
