0 0.2021276595744681 0.4741666666666667 0.4 0.8216666666666668
0 0.6638297872340425 0.5266666666666667 0.5914893617021276 0.9066666666666667
1 0.8457446808510638 0.16166666666666668 0.2276595744680851 0.16666666666666669
1 0.16382978723404257 0.17416666666666666 0.2723404255319149 0.21833333333333335
2 0.31382978723404253 0.2891666666666667 0.1595744680851064 0.1716666666666667
2 0.4265957446808511 0.7841666666666667 0.12553191489361704 0.18166666666666667
5 0.13085106382978723 0.8541666666666667 0.2574468085106383 0.07833333333333334
5 0.5904255319148937 0.5066666666666667 0.13829787234042554 0.05333333333333334
5 0.9138297872340426 0.9516666666666668 0.08297872340425531 0.06333333333333334
6 0.2021276595744681 0.46 0.4 0.46
