0 0.08125 0.55859375 0.1625 0.7078125000000001
0 0.290625 0.5375 0.146875 0.328125
0 0.20234375000000002 0.55625 0.17343750000000002 0.43125
1 0.29375 0.4 0.037500000000000006 0.043750000000000004
1 0.184375 0.371875 0.05 0.0625
1 0.0484375 0.246875 0.09375 0.08125
5 0.11796875000000001 0.878125 0.0859375 0.05625
5 0.043750000000000004 0.8343750000000001 0.03125 0.034375
7 0.06875 0.603125 0.1375 0.6000000000000001
7 0.290625 0.5625 0.14375000000000002 0.278125
7 0.17421875 0.56875 0.1046875 0.3125
6 0.05 0.42734375 0.09375 0.2484375
6 0.18046875 0.4734375 0.07968750000000001 0.125
6 0.28671875 0.49375 0.08281250000000001 0.125
