0 0.1875 0.5734375 0.375 0.8500000000000001
0 0.8304687500000001 0.58046875 0.33906250000000004 0.8359375
0 0.94921875 0.3453125 0.09531250000000001 0.178125
0 0.4734375 0.73984375 0.25625000000000003 0.5171875
0 0.3015625 0.4078125 0.1875 0.403125
0 0.68125 0.5 0.171875 0.7000000000000001
0 0.47734375 0.3875 0.1421875 0.35000000000000003
1 0.81171875 0.28671875 0.19843750000000002 0.24531250000000002
1 0.14296875 0.234375 0.16718750000000002 0.171875
1 0.5375 0.23750000000000002 0.05 0.05625
1 0.48125 0.240625 0.0625 0.059375000000000004
1 0.38671875 0.27109375 0.0546875 0.06406250000000001
1 0.6843750000000001 0.20859375000000002 0.096875 0.11406250000000001
1 0.6062500000000001 0.23046875 0.08125 0.1046875
2 0.53671875 0.6171875 0.0546875 0.06875
2 0.390625 0.7054687500000001 0.043750000000000004 0.09843750000000001
5 0.5593750000000001 0.9343750000000001 0.078125 0.12812500000000002
5 0.44609375 0.9640625 0.08281250000000001 0.06875
7 0.83359375 0.70859375 0.3296875 0.5765625
7 0.48046875 0.415625 0.1421875 0.19062500000000002
