0 0.397 0.6189759036144579 0.106 0.33433734939759036
0 0.523 0.4984939759036145 0.10200000000000001 0.2680722891566265
0 0.252 0.7740963855421688 0.10400000000000001 0.3313253012048193
0 0.187 0.6641566265060241 0.082 0.25
0 0.836 0.6987951807228916 0.12 0.27710843373493976
1 0.179 0.569277108433735 0.038 0.060240963855421686
1 0.493 0.391566265060241 0.03 0.05421686746987952
1 0.879 0.5963855421686747 0.034 0.060240963855421686
1 0.222 0.6385542168674699 0.04 0.05421686746987952
1 0.362 0.480421686746988 0.032 0.05120481927710844
2 0.861 0.7560240963855422 0.022 0.042168674698795185
2 0.355 0.6385542168674699 0.018000000000000002 0.024096385542168676
2 0.5630000000000001 0.49397590361445787 0.022 0.024096385542168676
2 0.23500000000000001 0.8042168674698795 0.018000000000000002 0.024096385542168676
2 0.161 0.7454819277108434 0.03 0.06325301204819278
5 0.289 0.8915662650602411 0.026000000000000002 0.04819277108433735
7 0.259 0.7816265060240964 0.09 0.25
7 0.521 0.4954819277108434 0.106 0.2680722891566265
7 0.529 0.45030120481927716 0.05 0.15963855421686748
7 0.4 0.569277108433735 0.088 0.16867469879518074
7 0.8250000000000001 0.677710843373494 0.082 0.20481927710843376
5 0.538 0.5873493975903614 0.036000000000000004 0.0783132530120482
5 0.24 0.9171686746987953 0.036000000000000004 0.057228915662650606
