0 0.642 0.5422960725075529 0.136 0.7220543806646526
0 0.17 0.6918429003021148 0.28800000000000003 0.6163141993957704
0 0.807 0.7326283987915407 0.10200000000000001 0.43202416918429004
0 0.406 0.6072507552870091 0.076 0.2416918429003021
1 0.185 0.4743202416918429 0.186 0.18731117824773413
1 0.786 0.5347432024169184 0.04 0.04229607250755287
1 0.67 0.22658610271903323 0.07200000000000001 0.09063444108761329
5 0.623 0.879154078549849 0.026000000000000002 0.04833836858006042
7 0.643 0.581570996978852 0.13 0.595166163141994
7 0.808 0.7583081570996979 0.1 0.36253776435045315
7 0.15 0.8126888217522659 0.248 0.3685800604229607
