0 0.8702031602708803 0.40049751243781095 0.14672686230248305 0.4975124378109453
0 0.25733634311512416 0.4527363184079602 0.1399548532731377 0.36318407960199006
0 0.5632054176072234 0.4514925373134328 0.14672686230248305 0.3706467661691542
0 0.0891647855530474 0.4514925373134328 0.14221218961625282 0.3407960199004975
1 0.29909706546275394 0.291044776119403 0.05191873589164785 0.03980099502487562
1 0.10496613995485327 0.2972636815920398 0.04288939051918735 0.03233830845771144
1 0.5711060948081264 0.2860696517412935 0.040632054176072234 0.03482587064676617
1 0.8544018058690744 0.17786069651741293 0.0654627539503386 0.05223880597014925
5 0.8814898419864559 0.6330845771144279 0.03837471783295711 0.022388059701492536
5 0.03837471783295711 0.6057213930348259 0.03611738148984198 0.02736318407960199
5 0.8431151241534988 0.6380597014925373 0.02934537246049661 0.022388059701492536
5 0.21106094808126408 0.6144278606965174 0.05191873589164785 0.029850746268656716
