0 0.8140000000000001 0.6706666666666666 0.136 0.568
0 0.389 0.6426666666666666 0.134 0.48533333333333334
0 0.322 0.6106666666666667 0.1 0.46399999999999997
0 0.452 0.5906666666666667 0.088 0.4933333333333333
0 0.505 0.6466666666666666 0.126 0.52
0 0.686 0.6386666666666666 0.112 0.5413333333333333
0 0.612 0.6466666666666666 0.112 0.536
0 0.748 0.6466666666666666 0.1 0.5093333333333333
0 0.406 0.4106666666666667 0.04 0.09066666666666666
0 0.5660000000000001 0.6146666666666667 0.064 0.4666666666666667
5 0.363 0.8706666666666666 0.026000000000000002 0.029333333333333333
5 0.311 0.8266666666666667 0.038 0.026666666666666665
5 0.512 0.8866666666666666 0.032 0.034666666666666665
5 0.604 0.8986666666666666 0.048 0.03733333333333333
5 0.428 0.8666666666666666 0.024 0.026666666666666665
5 0.756 0.888 0.032 0.032
5 0.782 0.9106666666666666 0.048 0.04
5 0.8180000000000001 0.9346666666666666 0.052000000000000005 0.04
5 0.5760000000000001 0.88 0.04 0.032
5 0.672 0.8906666666666666 0.044 0.03733333333333333
5 0.463 0.8586666666666667 0.042 0.032
5 0.719 0.868 0.046 0.024
5 0.647 0.86 0.03 0.024
5 0.551 0.8346666666666667 0.03 0.026666666666666665
