0 0.6880000000000001 0.6160130718954249 0.23600000000000002 0.7679738562091504
0 0.459 0.5898692810457516 0.28600000000000003 0.8137254901960784
0 0.226 0.573529411764706 0.432 0.8464052287581699
0 0.845 0.5 0.14200000000000002 0.7843137254901961
0 0.886 0.5506535947712419 0.228 0.8856209150326798
1 0.23800000000000002 0.2647058823529412 0.156 0.22222222222222224
1 0.41400000000000003 0.2826797385620915 0.116 0.19281045751633988
1 0.843 0.17483660130718956 0.094 0.12745098039215685
1 0.976 0.119281045751634 0.048 0.10784313725490197
2 0.496 0.434640522875817 0.048 0.11111111111111112
2 0.358 0.4150326797385621 0.06 0.09803921568627451
2 0.669 0.41013071895424835 0.066 0.09477124183006536
2 0.806 0.3513071895424837 0.048 0.07516339869281045
2 0.714 0.40032679738562094 0.044 0.09477124183006536
2 0.169 0.4362745098039216 0.066 0.17320261437908496
