0 0.34500000000000003 0.455421686746988 0.23800000000000002 0.4481927710843374
0 0.509 0.5120481927710844 0.11 0.4409638554216868
0 0.625 0.6313253012048193 0.146 0.45783132530120485
0 0.795 0.6686746987951808 0.194 0.45060240963855425
0 0.73 0.6626506024096386 0.136 0.5397590361445783
0 0.449 0.3530120481927711 0.11 0.28192771084337354
1 0.421 0.23614457831325303 0.05 0.04819277108433735
1 0.807 0.46987951807228917 0.058 0.05301204819277109
1 0.329 0.25783132530120484 0.054 0.04819277108433735
1 0.727 0.44939759036144583 0.058 0.04096385542168675
2 0.243 0.4265060240963856 0.03 0.03855421686746988
5 0.78 0.9012048192771085 0.032 0.06265060240963856
5 0.678 0.8409638554216868 0.04 0.03855421686746988
5 0.731 0.8361445783132531 0.062 0.07228915662650603
5 0.906 0.8132530120481929 0.028 0.0746987951807229
5 0.502 0.7084337349397591 0.032 0.04819277108433735
5 0.531 0.6686746987951808 0.054 0.06987951807228916
7 0.343 0.45662650602409643 0.234 0.4409638554216868
7 0.508 0.5084337349397591 0.112 0.3662650602409639
7 0.8200000000000001 0.683132530120482 0.116 0.35421686746987957
7 0.725 0.6433734939759037 0.11800000000000001 0.3518072289156627
