0 0.11800000000000001 0.6392215568862276 0.156 0.218562874251497
0 0.229 0.6182634730538923 0.106 0.17065868263473055
0 0.517 0.8008982035928144 0.242 0.3982035928143713
0 0.427 0.5823353293413174 0.09 0.14670658682634732
0 0.333 0.597305389221557 0.082 0.17664670658682635
0 0.558 0.5673652694610779 0.064 0.11676646706586827
0 0.634 0.7455089820359282 0.132 0.39520958083832336
0 0.757 0.6721556886227545 0.138 0.218562874251497
0 0.732 0.6422155688622755 0.1 0.19461077844311378
0 0.757 0.7020958083832336 0.138 0.2784431137724551
