0 0.4591666666666667 0.61 0.21500000000000002 0.7733333333333334
0 0.17666666666666667 0.5800000000000001 0.22666666666666668 0.8333333333333334
0 0.7541666666666668 0.555 0.19833333333333333 0.89
1 0.7566666666666667 0.16166666666666668 0.06666666666666667 0.09666666666666668
1 0.19666666666666668 0.23 0.07333333333333333 0.12000000000000001
1 0.4916666666666667 0.27666666666666667 0.06666666666666667 0.09333333333333334
2 0.08666666666666667 0.7300000000000001 0.043333333333333335 0.11333333333333334
2 0.27 0.785 0.030000000000000002 0.12333333333333334
2 0.8291666666666667 0.7233333333333334 0.04166666666666667 0.14
2 0.6991666666666667 0.4566666666666667 0.05166666666666667 0.13333333333333333
6 0.17416666666666666 0.5666666666666667 0.14500000000000002 0.39333333333333337
6 0.4716666666666667 0.6083333333333334 0.15666666666666668 0.43000000000000005
6 0.7541666666666668 0.52 0.155 0.43333333333333335
