0 0.17400000000000002 0.6540785498489426 0.23600000000000002 0.6918429003021148
0 0.329 0.7688821752265861 0.20600000000000002 0.4561933534743202
0 0.623 0.729607250755287 0.246 0.5347432024169184
0 0.439 0.525679758308157 0.246 0.7069486404833837
0 0.962 0.7009063444108762 0.076 0.3323262839879154
0 0.787 0.7356495468277946 0.138 0.5287009063444109
0 0.896 0.7009063444108762 0.092 0.513595166163142
0 0.898 0.6510574018126888 0.084 0.4078549848942598
1 0.329 0.5921450151057401 0.08600000000000001 0.09667673716012085
1 0.8200000000000001 0.5015105740181269 0.06 0.060422960725075525
1 0.47400000000000003 0.22054380664652568 0.07200000000000001 0.09667673716012085
1 0.23800000000000002 0.3640483383685801 0.1 0.11782477341389729
1 0.331 0.23564954682779457 0.082 0.08459214501510574
1 0.709 0.4637462235649547 0.054 0.0513595166163142
1 0.666 0.5120845921450151 0.068 0.08761329305135952
1 0.883 0.4743202416918429 0.038 0.060422960725075525
2 0.525 0.540785498489426 0.054 0.1027190332326284
2 0.736 0.5151057401812689 0.036000000000000004 0.0513595166163142
2 0.5630000000000001 0.4199395770392749 0.042 0.06646525679758308
7 0.166 0.7039274924471299 0.216 0.5740181268882175
7 0.41300000000000003 0.4788519637462236 0.134 0.4501510574018127
