0 0.8220000000000001 0.5207006369426752 0.16 0.23885350318471338
0 0.62 0.5573248407643312 0.5760000000000001 0.8853503184713376
0 0.869 0.47611464968152867 0.082 0.2898089171974522
0 0.231 0.5127388535031847 0.082 0.1464968152866242
1 0.529 0.21337579617834396 0.15 0.18471337579617836
1 0.876 0.3550955414012739 0.04 0.04777070063694268
1 0.803 0.43630573248407645 0.058 0.06369426751592357
1 0.252 0.4729299363057325 0.036000000000000004 0.06687898089171974
2 0.836 0.8152866242038217 0.14 0.20382165605095542
6 0.561 0.5477707006369427 0.466 0.47770700636942676
2 0.652 0.6719745222929937 0.156 0.178343949044586
6 0.8200000000000001 0.5429936305732485 0.152 0.16242038216560511
