0 0.395 0.5826666666666667 0.15 0.616
0 0.501 0.5559999999999999 0.098 0.472
0 0.114 0.5906666666666667 0.124 0.648
0 0.712 0.5426666666666666 0.1 0.5786666666666667
0 0.854 0.48266666666666663 0.136 0.432
1 0.6980000000000001 0.2786666666666667 0.07200000000000001 0.056
1 0.11800000000000001 0.29866666666666664 0.07200000000000001 0.064
1 0.484 0.3426666666666667 0.06 0.050666666666666665
1 0.871 0.2906666666666667 0.05 0.042666666666666665
1 0.369 0.30666666666666664 0.07 0.06933333333333333
5 0.134 0.892 0.08 0.04
5 0.861 0.6866666666666666 0.03 0.029333333333333333
5 0.515 0.7786666666666666 0.042 0.026666666666666665
5 0.727 0.8106666666666666 0.062 0.032
5 0.41600000000000004 0.8666666666666666 0.068 0.042666666666666665
5 0.6960000000000001 0.7826666666666666 0.056 0.034666666666666665
5 0.807 0.6706666666666666 0.042 0.029333333333333333
5 0.489 0.7666666666666666 0.034 0.018666666666666665
5 0.154 0.8386666666666667 0.028 0.029333333333333333
7 0.114 0.6306666666666666 0.128 0.5413333333333333
