0 0.428 0.4624624624624625 0.22 0.5405405405405406
0 0.164 0.45045045045045046 0.228 0.6666666666666666
0 0.278 0.3993993993993994 0.18 0.6126126126126126
0 0.805 0.4114114114114114 0.122 0.5705705705705706
0 0.6920000000000001 0.4264264264264264 0.12 0.42042042042042044
1 0.776 0.15765765765765766 0.064 0.057057057057057055
1 0.168 0.16216216216216217 0.07200000000000001 0.09009009009009009
1 0.451 0.24474474474474475 0.062 0.0990990990990991
1 0.6920000000000001 0.2042042042042042 0.036000000000000004 0.04204204204204204
1 0.655 0.25675675675675674 0.042 0.08108108108108109
1 0.23800000000000002 0.13513513513513514 0.056 0.08408408408408408
2 0.8170000000000001 0.46996996996997 0.03 0.05105105105105105
2 0.678 0.4189189189189189 0.024 0.03903903903903904
2 0.783 0.42792792792792794 0.022 0.05105105105105105
2 0.325 0.4084084084084084 0.026000000000000002 0.05405405405405406
2 0.25 0.4159159159159159 0.032 0.03303303303303303
5 0.512 0.6381381381381381 0.052000000000000005 0.15315315315315314
5 0.795 0.6486486486486487 0.054 0.03003003003003003
5 0.8270000000000001 0.6771771771771772 0.07 0.03303303303303303
5 0.233 0.6816816816816816 0.08600000000000001 0.15015015015015015
5 0.707 0.6201201201201201 0.054 0.03303303303303303
7 0.8180000000000001 0.4294294294294294 0.096 0.4744744744744745
7 0.705 0.43543543543543545 0.094 0.39039039039039036
5 0.147 0.6981981981981982 0.066 0.14714714714714713
5 0.328 0.6426426426426426 0.07200000000000001 0.12012012012012012
5 0.275 0.6321321321321322 0.05 0.1111111111111111
5 0.426 0.6636636636636637 0.052000000000000005 0.13213213213213212
