0 0.844 0.811377245508982 0.108 0.37125748502994016
0 0.517 0.8098802395209581 0.134 0.37425149700598803
0 0.6940000000000001 0.2320359281437126 0.176 0.4041916167664671
0 0.704 0.7155688622754491 0.116 0.5688622754491018
1 0.853 0.658682634730539 0.05 0.059880239520958084
1 0.533 0.6541916167664671 0.062 0.05089820359281438
1 0.711 0.470059880239521 0.078 0.07784431137724551
1 0.589 0.15868263473053892 0.054 0.11377245508982037
2 0.859 0.7739520958083833 0.03 0.038922155688622756
2 0.464 0.721556886227545 0.032 0.05389221556886228
2 0.466 0.7994011976047904 0.024 0.029940119760479042
5 0.746 0.37724550898203596 0.044 0.035928143712574856
5 0.681 0.36377245508982037 0.03 0.04491017964071856
