0 0.06 0.5559999999999999 0.116 0.584
0 0.5 0.5146666666666666 0.132 0.5546666666666666
0 0.177 0.5066666666666666 0.14200000000000002 0.592
0 0.934 0.5786666666666667 0.132 0.656
0 0.313 0.5146666666666666 0.114 0.5866666666666667
0 0.801 0.6226666666666666 0.19 0.6213333333333333
0 0.619 0.45866666666666667 0.126 0.5866666666666667
0 0.23500000000000001 0.41466666666666663 0.078 0.536
0 0.435 0.36666666666666664 0.106 0.4453333333333333
0 0.68 0.43466666666666665 0.08 0.528
0 0.744 0.5026666666666666 0.192 0.6639999999999999
0 0.771 0.18266666666666667 0.078 0.14133333333333334
0 0.373 0.49066666666666664 0.10200000000000001 0.592
0 0.857 0.5066666666666666 0.09 0.576
5 0.46900000000000003 0.7706666666666666 0.038 0.03733333333333333
5 0.533 0.764 0.05 0.04
5 0.961 0.8786666666666666 0.038 0.050666666666666665
5 0.22 0.7706666666666666 0.044 0.03733333333333333
5 0.634 0.7306666666666667 0.028 0.03733333333333333
5 0.663 0.6786666666666666 0.026000000000000002 0.034666666666666665
5 0.807 0.9186666666666666 0.074 0.034666666666666665
5 0.755 0.8146666666666667 0.054 0.029333333333333333
5 0.28400000000000003 0.7906666666666666 0.036000000000000004 0.029333333333333333
5 0.598 0.7346666666666667 0.028 0.04
5 0.387 0.7666666666666666 0.046 0.029333333333333333
5 0.342 0.7786666666666666 0.052000000000000005 0.026666666666666665
5 0.05 0.836 0.048 0.024
5 0.41400000000000003 0.5786666666666667 0.044 0.021333333333333333
5 0.074 0.8146666666666667 0.036000000000000004 0.029333333333333333
5 0.134 0.7826666666666666 0.048 0.034666666666666665
