0 0.29775280898876405 0.535 0.35580524344569286 0.7300000000000001
0 0.0702247191011236 0.15166666666666667 0.09176029962546817 0.2966666666666667
0 0.6151685393258427 0.3816666666666667 0.34269662921348315 0.6166666666666667
1 0.4250936329588015 0.2866666666666667 0.09737827715355805 0.22666666666666668
1 0.6357677902621723 0.15000000000000002 0.08801498127340825 0.16
2 0.48220973782771537 0.4083333333333334 0.07677902621722847 0.11
5 0.29681647940074907 0.8616666666666667 0.13670411985018727 0.08333333333333334
5 0.6722846441947565 0.6383333333333334 0.10112359550561797 0.09000000000000001
5 0.6273408239700374 0.5633333333333334 0.0599250936329588 0.060000000000000005
5 0.09550561797752809 0.27666666666666667 0.04119850187265918 0.04
7 0.06741573033707865 0.15000000000000002 0.08614232209737828 0.2733333333333334
