0 0.094 0.6122754491017964 0.184 0.7694610778443114
0 0.857 0.6122754491017964 0.28600000000000003 0.7035928143712575
0 0.71 0.597305389221557 0.152 0.7574850299401198
0 0.231 0.5748502994011977 0.198 0.8443113772455091
0 0.47900000000000004 0.6182634730538923 0.20600000000000002 0.7574850299401198
0 0.34400000000000003 0.6182634730538923 0.132 0.7574850299401198
0 0.5700000000000001 0.6032934131736527 0.116 0.721556886227545
0 0.631 0.5523952095808383 0.106 0.5898203592814372
5 0.41300000000000003 0.8547904191616768 0.03 0.038922155688622756
5 0.602 0.9416167664670659 0.04 0.05089820359281438
5 0.34400000000000003 0.8937125748502994 0.028 0.04491017964071856
