0 0.635 0.5783132530120483 0.278 0.710843373493976
0 0.268 0.47590361445783136 0.26 0.6144578313253012
0 0.361 0.3358433734939759 0.11 0.4487951807228916
0 0.467 0.3373493975903615 0.074 0.3313253012048193
1 0.5650000000000001 0.2996987951807229 0.114 0.14156626506024098
1 0.268 0.23795180722891568 0.10400000000000001 0.13855421686746988
1 0.455 0.19427710843373494 0.026000000000000002 0.045180722891566265
1 0.35000000000000003 0.12951807228915663 0.036000000000000004 0.03614457831325302
2 0.272 0.5030120481927711 0.052000000000000005 0.07228915662650603
2 0.32 0.5180722891566265 0.06 0.0783132530120482
2 0.524 0.5978915662650602 0.052000000000000005 0.06927710843373494
5 0.219 0.733433734939759 0.05 0.07530120481927711
5 0.352 0.7364457831325302 0.068 0.08734939759036145
5 0.643 0.8704819277108434 0.10200000000000001 0.13253012048192772
7 0.637 0.6189759036144579 0.274 0.5210843373493976
7 0.267 0.4954819277108434 0.262 0.4427710843373494
