0 0.4103671706263499 0.5272988505747126 0.20734341252699784 0.7155172413793104
0 0.6436285097192225 0.521551724137931 0.12958963282937366 0.7442528735632183
1 0.6220302375809935 0.1853448275862069 0.0734341252699784 0.06609195402298851
1 0.4049676025917927 0.1997126436781609 0.07127429805615551 0.06034482758620689
2 0.48704103671706267 0.34770114942528735 0.05399568034557236 0.06321839080459771
5 0.3412526997840173 0.853448275862069 0.05615550755939525 0.05747126436781609
5 0.6403887688984882 0.853448275862069 0.0755939524838013 0.07471264367816091
5 0.4308855291576674 0.7945402298850575 0.06695464362850972 0.048850574712643674
5 0.6058315334773219 0.7974137931034483 0.04967602591792657 0.048850574712643674
6 0.3898488120950324 0.3908045977011494 0.1144708423326134 0.24137931034482757
6 0.6306695464362851 0.3979885057471264 0.10367170626349892 0.2442528735632184
