0 0.167 0.6422155688622755 0.14200000000000002 0.7095808383233534
0 0.039 0.6377245508982037 0.074 0.718562874251497
0 0.8290000000000001 0.657185628742515 0.166 0.6796407185628743
0 0.962 0.5793413173652695 0.076 0.3922155688622755
0 0.397 0.6002994011976048 0.138 0.6077844311377246
0 0.604 0.6407185628742516 0.18 0.7125748502994013
0 0.714 0.625748502994012 0.116 0.5808383233532934
0 0.492 0.5988023952095809 0.092 0.4970059880239521
1 0.40800000000000003 0.3263473053892216 0.056 0.059880239520958084
1 0.2 0.3278443113772455 0.068 0.08682634730538923
1 0.84 0.3532934131736527 0.076 0.07784431137724551
1 0.036000000000000004 0.32335329341317365 0.07200000000000001 0.08982035928143713
1 0.59 0.3203592814371258 0.07200000000000001 0.07784431137724551
1 0.739 0.3667664670658683 0.054 0.0688622754491018
1 0.969 0.4041916167664671 0.042 0.035928143712574856
5 0.20400000000000001 0.937125748502994 0.064 0.029940119760479042
5 0.363 0.8847305389221557 0.026000000000000002 0.038922155688622756
5 0.148 0.9760479041916168 0.032 0.035928143712574856
5 0.42 0.8652694610778444 0.052000000000000005 0.04191616766467066
5 0.508 0.8173652694610779 0.04 0.04191616766467066
5 0.457 0.8278443113772456 0.022 0.038922155688622756
5 0.961 0.751497005988024 0.018000000000000002 0.029940119760479042
5 0.682 0.8817365269461078 0.028 0.03293413173652695
5 0.989 0.7574850299401198 0.022 0.035928143712574856
7 0.165 0.6796407185628743 0.14200000000000002 0.5808383233532934
7 0.8290000000000001 0.6781437125748503 0.162 0.5059880239520959
7 0.585 0.6916167664670659 0.146 0.6047904191616766
7 0.397 0.6392215568862276 0.138 0.4940119760479042
1 0.514 0.3787425149700599 0.048 0.05089820359281438
