0 0.12704918032786885 0.49380804953560375 0.18852459016393444 0.411764705882353
0 0.37192622950819676 0.4705882352941177 0.14549180327868852 0.29721362229102166
0 0.5327868852459017 0.4303405572755418 0.11475409836065574 0.2105263157894737
0 0.6475409836065574 0.4705882352941177 0.20491803278688525 0.4272445820433437
1 0.6762295081967213 0.31114551083591335 0.06967213114754099 0.1021671826625387
1 0.4057377049180328 0.35294117647058826 0.04098360655737705 0.061919504643962855
1 0.10860655737704919 0.34210526315789475 0.06967213114754099 0.10835913312693499
1 0.49692622950819676 0.35758513931888547 0.0389344262295082 0.06501547987616099
2 0.7172131147540984 0.6424148606811146 0.03278688524590164 0.06501547987616099
2 0.6372950819672132 0.6176470588235294 0.036885245901639344 0.06501547987616099
2 0.07479508196721311 0.5820433436532508 0.0389344262295082 0.06811145510835914
2 0.48668032786885246 0.5 0.022540983606557378 0.04643962848297214
2 0.13422131147540983 0.6780185758513932 0.034836065573770496 0.043343653250773995
2 0.42315573770491804 0.5046439628482973 0.022540983606557378 0.043343653250773995
2 0.5081967213114754 0.49380804953560375 0.020491803278688527 0.04643962848297214
2 0.4354508196721312 0.47213622291021673 0.022540983606557378 0.04024767801857585
5 0.7254098360655739 0.6811145510835914 0.03278688524590164 0.043343653250773995
7 0.6475409836065574 0.4907120743034056 0.20491803278688525 0.30650154798761614
7 0.1280737704918033 0.5263157894736843 0.1905737704918033 0.2910216718266254
7 0.35963114754098363 0.44891640866873067 0.11270491803278689 0.1671826625386997
6 0.5440573770491803 0.4272445820433437 0.07991803278688525 0.15479876160990713
