0 0.2416666666666667 0.5339285714285714 0.15000000000000002 0.8464285714285714
0 0.3440476190476191 0.48214285714285715 0.08333333333333334 0.44285714285714284
0 0.8238095238095239 0.5625 0.17142857142857143 0.8678571428571429
0 0.455952380952381 0.4928571428571428 0.14047619047619048 0.75
0 0.6797619047619048 0.5464285714285714 0.15000000000000002 0.7857142857142857
1 0.21071428571428574 0.15357142857142855 0.08333333333333334 0.09285714285714286
1 0.805952380952381 0.17142857142857143 0.07857142857142858 0.07857142857142857
1 0.6738095238095239 0.18214285714285713 0.0761904761904762 0.06428571428571428
1 0.34285714285714286 0.28214285714285714 0.04285714285714286 0.04285714285714286
1 0.636904761904762 0.2517857142857143 0.04047619047619048 0.06785714285714285
1 0.43928571428571433 0.15 0.05952380952380953 0.06428571428571428
5 0.7095238095238096 0.9089285714285714 0.04285714285714286 0.060714285714285714
5 0.8511904761904763 0.9785714285714285 0.06904761904761905 0.04285714285714286
5 0.9488095238095239 0.7482142857142857 0.05476190476190477 0.03214285714285714
5 0.4404761904761905 0.8196428571428571 0.05238095238095239 0.060714285714285714
5 0.4964285714285715 0.8392857142857143 0.05 0.049999999999999996
5 0.2619047619047619 0.8821428571428571 0.04285714285714286 0.04285714285714286
5 0.7785714285714287 0.9249999999999999 0.0761904761904762 0.04285714285714286
5 0.6440476190476191 0.8571428571428571 0.07857142857142858 0.04285714285714286
5 0.5333333333333334 0.6875 0.02380952380952381 0.039285714285714285
5 0.33452380952380956 0.6821428571428572 0.01666666666666667 0.04285714285714286
5 0.35595238095238096 0.6839285714285714 0.02142857142857143 0.039285714285714285
5 0.24642857142857144 0.9339285714285714 0.0880952380952381 0.04642857142857143
