0 0.807 0.5459940652818991 0.226 0.9020771513353116
0 0.5670000000000001 0.5816023738872403 0.226 0.8367952522255193
0 0.41500000000000004 0.6275964391691395 0.166 0.7448071216617211
0 0.187 0.6083086053412463 0.322 0.7833827893175075
1 0.755 0.1632047477744807 0.122 0.13056379821958458
1 0.265 0.2626112759643917 0.08600000000000001 0.09198813056379822
1 0.548 0.2195845697329377 0.092 0.10089020771513353
1 0.436 0.32047477744807124 0.08 0.13056379821958458
1 0.653 0.2507418397626113 0.078 0.08011869436201781
7 0.5680000000000001 0.5667655786350149 0.224 0.5163204747774481
