0 0.075 0.5451807228915663 0.138 0.47590361445783136
0 0.394 0.8644578313253013 0.24 0.27108433734939763
0 0.406 0.3990963855421687 0.1 0.14759036144578314
0 0.199 0.36897590361445787 0.074 0.24397590361445784
1 0.468 0.8614457831325302 0.07200000000000001 0.11445783132530121
1 0.088 0.35240963855421686 0.028 0.030120481927710843
1 0.399 0.3373493975903615 0.026000000000000002 0.024096385542168676
1 0.222 0.25903614457831325 0.02 0.01807228915662651
5 0.068 0.7680722891566265 0.044 0.024096385542168676
5 0.025 0.6867469879518072 0.034 0.042168674698795185
7 0.075 0.5466867469879518 0.134 0.4789156626506024
5 0.20600000000000002 0.4774096385542169 0.036000000000000004 0.021084337349397592
