0 0.661 0.6946666666666667 0.10200000000000001 0.4453333333333333
0 0.489 0.7026666666666667 0.114 0.42933333333333334
0 0.057 0.7426666666666667 0.114 0.5146666666666666
0 0.889 0.704 0.222 0.592
0 0.2 0.6906666666666667 0.12 0.45866666666666667
0 0.8220000000000001 0.7106666666666667 0.124 0.4933333333333333
0 0.362 0.732 0.116 0.536
0 0.28700000000000003 0.6786666666666666 0.082 0.4026666666666667
5 0.79 0.9426666666666667 0.06 0.024
5 0.23800000000000002 0.8866666666666666 0.04 0.034666666666666665
5 0.53 0.9026666666666666 0.028 0.029333333333333333
5 0.656 0.9026666666666666 0.048 0.029333333333333333
5 0.47400000000000003 0.8986666666666666 0.032 0.026666666666666665
5 0.163 0.9066666666666666 0.038 0.032
5 0.294 0.8586666666666667 0.036000000000000004 0.021333333333333333
5 0.626 0.8906666666666666 0.044 0.021333333333333333
