0 0.46125 0.5416666666666667 0.47250000000000003 0.6966666666666667
0 0.515 0.55 0.23500000000000001 0.42000000000000004
1 0.375 0.3066666666666667 0.14 0.2066666666666667
1 0.4625 0.41000000000000003 0.09 0.13333333333333333
2 0.44875 0.5516666666666667 0.0675 0.07
2 0.67 0.23 0.065 0.08
5 0.33125 0.8533333333333334 0.0525 0.07333333333333333
5 0.44875 0.7233333333333334 0.0675 0.08
5 0.525 0.6983333333333334 0.08 0.06333333333333334
5 0.3875 0.775 0.06 0.08333333333333334
7 0.51375 0.54 0.23750000000000002 0.38
7 0.40750000000000003 0.51 0.35000000000000003 0.6266666666666667
