0 0.3296875 0.5 0.41875 0.9968750000000001
0 0.7546875000000001 0.5437500000000001 0.31875000000000003 0.878125
0 0.18984375 0.58046875 0.06406250000000001 0.1953125
0 0.596875 0.5421875 0.240625 0.821875
0 0.240625 0.596875 0.05 0.21250000000000002
1 0.30625 0.08046875 0.1125 0.1546875
1 0.7125 0.21484375 0.146875 0.22031250000000002
1 0.6000000000000001 0.203125 0.08750000000000001 0.146875
1 0.17500000000000002 0.496875 0.021875000000000002 0.025
2 0.28046875 0.49062500000000003 0.060937500000000006 0.1
2 0.640625 0.6484375 0.08125 0.1125
2 0.6937500000000001 0.58125 0.043750000000000004 0.05
5 0.7515625 0.9593750000000001 0.059375000000000004 0.05
5 0.7054687500000001 0.8968750000000001 0.0421875 0.065625
5 0.4578125 0.96796875 0.09062500000000001 0.06406250000000001
5 0.39687500000000003 0.9656250000000001 0.037500000000000006 0.065625
7 0.32734375000000004 0.57421875 0.4140625 0.7578125
7 0.18125000000000002 0.5906250000000001 0.05625 0.140625
7 0.234375 0.60546875 0.043750000000000004 0.15781250000000002
