0 0.1625 0.49375 0.16562500000000002 0.784375
0 0.77109375 0.6429687500000001 0.1265625 0.5671875000000001
0 0.6375000000000001 0.55 0.15000000000000002 0.51875
0 0.47421875 0.49062500000000003 0.13593750000000002 0.628125
0 0.5859375 0.496875 0.109375 0.496875
0 0.31484375000000003 0.51171875 0.1265625 0.5953125
0 0.39296875000000003 0.45625000000000004 0.1203125 0.44375000000000003
1 0.784375 0.39687500000000003 0.053125000000000006 0.06875
1 0.47500000000000003 0.225 0.046875 0.09062500000000001
1 0.3984375 0.2625 0.034375 0.043750000000000004
1 0.31796875 0.24921875000000002 0.045312500000000006 0.0671875
1 0.1703125 0.14609375 0.059375000000000004 0.0890625
1 0.6062500000000001 0.290625 0.043750000000000004 0.08125
2 0.2625 0.5734375 0.018750000000000003 0.040625
2 0.6687500000000001 0.6375000000000001 0.025 0.05625
2 0.36171875000000003 0.54921875 0.029687500000000002 0.035937500000000004
2 0.1171875 0.5625 0.028125 0.0625
2 0.77734375 0.446875 0.035937500000000004 0.040625
2 0.5265625 0.50546875 0.025 0.0234375
2 0.115625 0.55 0.028125 0.08750000000000001
2 0.5796875 0.4375 0.021875000000000002 0.03125
2 0.8 0.7250000000000001 0.025 0.040625
5 0.5 0.7453125 0.037500000000000006 0.115625
5 0.2828125 0.75546875 0.03125 0.1015625
5 0.21875 0.7781250000000001 0.040625 0.08750000000000001
5 0.4421875 0.74921875 0.043750000000000004 0.1078125
5 0.35859375000000004 0.753125 0.029687500000000002 0.109375
5 0.134375 0.8250000000000001 0.043750000000000004 0.125
5 0.6125 0.7054687500000001 0.028125 0.07968750000000001
5 0.553125 0.7000000000000001 0.043750000000000004 0.08750000000000001
5 0.6625000000000001 0.7671875 0.037500000000000006 0.040625
5 0.7835937500000001 0.89375 0.026562500000000003 0.028125
5 0.68671875 0.7828125 0.0484375 0.05625
6 0.465625 0.41250000000000003 0.125 0.26875
6 0.15546875000000002 0.36875 0.1484375 0.3125
6 0.47187500000000004 0.41171875 0.13125 0.2609375
3 0.77734375 0.44921875 0.0390625 0.0421875
6 0.309375 0.4609375 0.109375 0.253125
6 0.4 0.40546875000000004 0.06875 0.2078125
6 0.59921875 0.434375 0.0859375 0.19687500000000002
6 0.76875 0.58359375 0.109375 0.2484375
7 0.66171875 0.56875 0.1015625 0.36562500000000003
