0 0.565625 0.6179687500000001 0.275 0.6078125000000001
0 0.77734375 0.61484375 0.2390625 0.6984375
0 0.2828125 0.5640625 0.36875 0.7250000000000001
1 0.565625 0.340625 0.1 0.05625
1 0.3796875 0.321875 0.10625000000000001 0.065625
5 0.36562500000000003 0.9078125 0.09375 0.028125
5 0.484375 0.89375 0.10625000000000001 0.043750000000000004
5 0.65546875 0.89609375 0.09531250000000001 0.045312500000000006
5 0.728125 0.909375 0.09375 0.037500000000000006
5 0.7718750000000001 0.9375 0.065625 0.05
1 0.71484375 0.30234375 0.1171875 0.0671875
6 0.31875000000000003 0.46796875000000004 0.21250000000000002 0.22968750000000002
6 0.5515625000000001 0.503125 0.225 0.19062500000000002
6 0.7875000000000001 0.47734375 0.215625 0.2265625
