0 0.3015625 0.5085937500000001 0.278125 0.9734375000000001
0 0.7046875 0.5171875 0.40937500000000004 0.9656250000000001
1 0.68125 0.0734375 0.06875 0.078125
1 0.31796875 0.065625 0.0671875 0.09062500000000001
2 0.19296875000000002 0.50234375 0.0546875 0.0890625
2 0.8835937500000001 0.3375 0.045312500000000006 0.059375000000000004
2 0.525 0.08671875000000001 0.05 0.08281250000000001
2 0.41484375 0.16796875 0.0484375 0.09531250000000001
5 0.20859375000000002 0.946875 0.07968750000000001 0.09062500000000001
5 0.67109375 0.95234375 0.0765625 0.09531250000000001
5 0.31484375000000003 0.9398437500000001 0.1078125 0.0890625
5 0.7625000000000001 0.95625 0.05 0.08750000000000001
7 0.7125 0.515625 0.384375 0.83125
7 0.284375 0.53671875 0.25 0.7984375
