0 0.529 0.47138554216867473 0.214 0.4849397590361446
0 0.799 0.49096385542168675 0.402 0.6626506024096386
0 0.8290000000000001 0.27108433734939763 0.062 0.08433734939759037
0 0.244 0.4924698795180723 0.14 0.4307228915662651
0 0.106 0.5180722891566265 0.20800000000000002 0.9578313253012049
0 0.022 0.9231927710843374 0.044 0.11746987951807229
0 0.971 0.2545180722891566 0.058 0.5090361445783133
0 0.171 0.49698795180722893 0.198 0.5542168674698795
0 0.683 0.4924698795180723 0.166 0.4548192771084338
0 0.933 0.4984939759036145 0.134 0.996987951807229
0 0.316 0.47590361445783136 0.23600000000000002 0.46385542168674704
