0 0.894 0.6628895184135978 0.12 0.538243626062323
0 0.126 0.6529745042492918 0.156 0.6940509915014165
0 0.761 0.6104815864022664 0.114 0.4390934844192635
0 0.493 0.660056657223796 0.166 0.6798866855524079
0 0.343 0.669971671388102 0.14200000000000002 0.660056657223796
0 0.637 0.6543909348441926 0.146 0.6912181303116147
0 0.6940000000000001 0.613314447592068 0.08 0.45042492917847027
0 0.228 0.6402266288951841 0.088 0.5325779036827196
0 0.41200000000000003 0.6104815864022664 0.064 0.4390934844192635
0 0.275 0.546742209631728 0.046 0.28328611898017
0 0.552 0.6175637393767706 0.06 0.45892351274787535
