0 0.8140000000000001 0.6706666666666666 0.136 0.568
0 0.389 0.6426666666666666 0.134 0.48533333333333334
0 0.322 0.6106666666666667 0.1 0.46399999999999997
0 0.452 0.5906666666666667 0.088 0.4933333333333333
0 0.505 0.6466666666666666 0.126 0.52
0 0.686 0.6386666666666666 0.112 0.5413333333333333
0 0.612 0.6466666666666666 0.112 0.536
0 0.748 0.6466666666666666 0.1 0.5093333333333333
0 0.406 0.4106666666666667 0.04 0.09066666666666666
0 0.5660000000000001 0.6146666666666667 0.064 0.4666666666666667
