0 0.28785046728971964 0.68 0.24672897196261684 0.64
0 0.4149532710280374 0.36833333333333335 0.11962616822429907 0.17
0 0.5411214953271029 0.3616666666666667 0.09158878504672897 0.25
0 0.8149532710280374 0.6766666666666667 0.2542056074766355 0.6466666666666667
0 0.6056074766355141 0.6683333333333333 0.25794392523364484 0.61
0 0.7224299065420561 0.43500000000000005 0.10654205607476636 0.20333333333333334
0 0.13644859813084112 0.6516666666666667 0.17196261682242991 0.6966666666666667
0 0.34112149532710284 0.35500000000000004 0.07289719626168224 0.1366666666666667
0 0.038317757009345796 0.36000000000000004 0.07289719626168224 0.22666666666666668
0 0.05327102803738318 0.5766666666666667 0.10654205607476636 0.54
0 0.6289719626168224 0.405 0.08411214953271029 0.20333333333333334
0 0.9579439252336449 0.45333333333333337 0.08411214953271029 0.28
0 0.21869158878504674 0.3433333333333334 0.03364485981308411 0.08
0 0.13925233644859814 0.3166666666666667 0.09532710280373832 0.16666666666666669
